EXAMPLE SHED FRAME, 4/12 SLOPE, 2x4 CONST
 6 8 2 1
 1 1.5  3.5 1.80E61600145013000
 2 1.5  3.5 1.80E61600145013001
 3 1.5  3.5 1.80E79000
 4 1.5  3.5 1.60E612001000 90031
1.15 1.25 1.33
 1  0.0    0.0
 2  0.0   50.01
 3 70.25  26.6
 4140.5    3.18
 5140.5    0.0
 6 70.25   0.0  1
 1 1 2 4
 2 2 3 1
 3 3 4 1
 4 5 4 3
 5 6 5 2
 6 1 6 2
 7 1 3 411
 8 6 3 4  1
 1 PIN
 2ROLL 0.0  1.0
 5ROLL12.0  2.0 1
1114
 61  0.0 -550.0 46.251
 2 0.0      -5.0
 3 0.0      -5.0      1
 42-128.8
 43-1657.7 1
 ENDDCALC
