FREE
52'-0" 4/12 COMN 35# @ 48"
31 56 1 1 0 0 0 0 1
1 1.500 5.500 2.000E+06 2400 1975 1925 9
2 1.500 3.500 1.600E+06 1500 1650  825 3
3 1.500 1.500 1.500E+06 9000    0    0 Z
4 1.000 3.000 3.500E+06 9000    0    0 Z
5 0.120 1.000 2.900E+07 9000    0    0 Z 1
1.15
 1 0.0000 5.9100
 2 0.0000 0.7500
 3 1.7500 6.3500
 4 1.7500 0.7500
 5 17.1800 8.1500
 6 17.1800 2.7500
 7 91.4500 26.7100
 8 102.7500 2.7500
 9 103.7800 29.8000
10 165.8500 45.3100
11 186.1700 2.7500
12 204.0000 2.7500
13 237.7800 63.3000
14 269.9900 2.7500
15 311.0000 81.6000
16 312.0000 79.8700
17 313.0000 81.6000
18 354.0100 2.7500
19 386.2200 63.3000
20 420.0000 2.7500
21 437.8300 2.7500
22 458.1500 45.3100
23 520.2200 29.8000
24 521.2500 2.7500
25 532.5500 26.7100
26 606.8200 8.1500
27 606.8200 2.7500
28 622.2500 6.3500
29 622.2500 0.7500
30 624.0000 5.9100
31 624.0000 0.7500 1
 1  5  7 1 0 0 0 0.0 24.0
 2  7  9 1 0 0
 3  9 10 1 0 0 0 0.0 24.0
 4 10 13 1 0 0 0 0.0 24.0
 5 13 15 1 0 0 0 0.0 24.0
 6 17 19 1 0 0 0 0.0 24.0
 7 19 22 1 0 0 0 0.0 24.0
 8 22 23 1 0 0 0 0.0 24.0
 9 23 25 1 0 0
10 25 26 1 0 0 0 0.0 24.0
11  6  8 1 0 0
12  8 11 1 0 0
13 11 12 1 0 0
14 12 14 1 0 0
15 14 18 1 0 0
16 18 20 1 0 0
17 20 21 1 0 0
18 21 24 1 0 0
19 24 27 1 0 0
20  7  8 2 1 1
21  8 10 2 1 1
22 10 11 2 1 1
23 11 13 2 1 1
24 13 14 2 1 1
25 14 16 2 1 1
26 16 18 2 1 1
27 18 19 2 1 1
28 19 21 2 1 1
29 21 22 2 1 1
30 22 24 2 1 1
31 24 25 2 1 1
32  2  1 3 0 0
33  1  3 3 0 0
34  2  4 3 0 0
35  1  4 3 0 0
36  2  3 3 0 0
37  4  3 3 0 0
38  6  5 3 0 0
39  3  5 3 0 0
40  4  6 3 0 0
41  3  6 4 0 0
42  4  5 4 0 0
43 15 17 5 0 0
44 15 16 5 0 0
45 16 17 5 0 0
46 27 26 3 0 0
47 29 28 3 0 0
48 26 28 3 0 0
49 27 29 3 0 0
50 26 29 4 0 0
51 27 28 4 0 0
52 28 30 3 0 0
53 29 31 3 0 0
54 31 30 3 0 0
55 28 31 3 0 0
56 29 30 3 0 0 1
 4  PIN 0.0000 0.0000
29 ROLL 1.0000 0.0000 1
0 1 0 3 0 0
 1  0.000 -10.000
 2  0.000 -10.000
 3  0.000 -10.000
 4  0.000 -10.000
 5  0.000 -10.000
 6  0.000 -10.000
 7  0.000 -10.000
 8  0.000 -10.000
 9  0.000 -10.000
10  0.000 -10.000
11  0.000  -1.667
12  0.000  -1.667
13  0.000  -1.667
14  0.000  -1.667
15  0.000  -1.667
16  0.000  -1.667
17  0.000  -1.667
18  0.000  -1.667
19  0.000  -1.667
33  0.000 -10.000
34  0.000  -1.667
39  0.000 -10.000
40  0.000  -1.667
43  0.000 -10.000
48  0.000 -10.000
49  0.000  -1.667
52  0.000 -10.000
53  0.000  -1.667 1
ENDDCALC
