FREE
New Fink Truss
22 31 0 0 1 1 0 0 1
1 1.500 3.500 1.7E+6 2300 2000 1100 4
2 1.500 3.500 1.4E+6  980  975  475 3
3 0.063 1.000 3.0E+6    0    0    0 Z 1
1.0 0.0 0.0
 1   1.750  0.000
 2   2.467  3.440
 3   3.250  1.875
 4   6.913  1.750
 5  71.217 37.815
 6  73.049 34.818
 7  94.250  5.888
 8  96.000  1.750
 9  97.750  6.007
10 141.901 69.244
11 142.250 73.332
12 145.750 73.332
13 146.099 69.244
14 190.250  6.007
15 192.000  1.750
16 193.750  5.888
17 214.951 34.818
18 216.783 37.815
19 281.087  1.750
20 284.750  1.875
21 285.533  3.440
22 286.250  0.000 1
 1  2  5 1 0 0
 2  4  8 1 0 0
 3  5 11 1 0 0
 4  8 15 1 0 0
 5 12 18 1 0 0
 6 15 19 1 0 0
 7 18 21 1 0 0
 8  7  6 2 0 0
 9  9 10 2 0 0
10 14 13 2 0 0
11 16 17 2 0 0
12 11 13 3 0 0
13 12 10 3 0 0
14 12 11 3 0 0
15 13 12 3 0 0
16 10 13 3 0 0
17 11 10 3 0 0
18 16 14 3 0 0
19  9  7 3 0 0
20  8  9 3 0 0
21  7  8 3 0 0
22 15 16 3 0 0
23 14 15 3 0 0
24 17 18 3 0 0
25  6  5 3 0 0
26 20 22 3 0 0
27 20 21 3 0 0
28 19 20 3 0 0
29  3  1 3 0 0
30  3  2 3 0 0
31  4  3 3 0 0 1
 1 FIX   0.000  0.000
22 FIRL  1.000  0.000 1
0 1 0 0 0 0
 1   0.000   -5.000
 3   0.000   -5.000
 5   0.000   -5.000
 7   0.000   -5.000
 2   0.000   -1.667
 4   0.000   -1.667
 6   0.000   -1.667
 8   0.000   -0.083
 9   0.000   -0.083
10   0.000   -0.083
11   0.000   -0.083  1
ENDDCALC