FREE
(DRH) HARNETT CONST REPAIR P3022
16 26 2 1 0 0 0 0 1
1 1.500 3.500 1.7000E+06 2300 2000 1100 4
2 3.000 5.500 1.7000E+06 2010 1900  950 4
3 1.500 3.500 1.4000E+06  980  975  475 3 1
1.0
1   0.000   0.000
 2  60.000  30.000
 3  96.000   0.000
 4 120.000  60.000
 5 175.000  87.500
 6 175.000   0.000
 7 212.000   0.000
 8 237.000 118.500
 9 237.000  87.500
10 278.000   0.000
11 295.000  87.500
12 295.000   0.000
13 350.000  60.000
14 374.000   0.000
15 410.000  30.000
16 470.000   0.000 1
 1  1  2 1 1 0
 2  2  4 1 0 0
 3  4  5 1 0 0
 4  5  8 1 0 1
 5  8 11 1 1 0
 6 11 13 1 0 0
 7 13 15 1 0 0
 8 15 16 1 0 1
 9  1  3 2 1 0
10  3  6 2 0 0
11  6  7 2 0 0
12 10 12 2 0 0
13 12 14 2 0 0
14 14 16 2 0 1
15  5  9 2 1 0
16  9 11 2 0 1
17  2  3 3 1 1
18  3  4 3 1 1
19  4  6 3 1 1
20  6  5 3 1 1
21  9  8 3 1 1
22 12 11 3 1 1
23 12 13 3 1 1
24 13 14 3 1 1
25 14 15 3 1 1
26  7 10 2 0 0 1
 1 PIN  0.00 0.00
10 ROLL 1.00 0.00
16 ROLL 1.00 0.00 1
0 1 2 0 0 0
 1   0.00  -5.00
 2   0.00  -5.00
 3   0.00  -5.00
 4   0.00  -5.00
 5   0.00  -5.00
 6   0.00  -5.00
 7   0.00  -5.00
 8   0.00  -5.00
 9   0.00  -1.67
10   0.00  -1.67
11   0.00  -5.83
12   0.00  -5.83
26   0.00  -5.83
13   0.00  -1.67
14   0.00  -1.67 1
 7 2 -920.00 1
ENDDCALC
